550  4  0
    1      57   153   157   155
    2     132    36   129   177
    3      58   130   156    16
    4     187    97   111    72
    5     181    19    57    62
    6     161    79    89    80
    7       5   194    96   168
    8      36    35   129   177
    9      32   125    21    50
   10     120    17    55    74
   11      63     3   130    22
   12      65    67    68    15
   13      44    11    47   151
   14      52   146     1   177
   15      76    60   159   117
   16       1   153    53   181
   17     153    52     1    53
   18      10    46    66    69
   19      97   179   170   185
   20     186   184    69    47
   21     169   187    97   185
   22     106    40    42    39
   23       4   139    96   167
   24      66    65    71   145
   25     153    59   156    16
   26       4   139   115    90
   27     182   171    60   183
   28     120   132   127   133
   29       6   193   116   159
   30       1    53    19   181
   31       4     6   141   142
   32      71   151   145    98
   33      87   166   162     8
   34     103   110    40    42
   35      72    55   135   104
   36     132     1    53    19
   37     132    53    35   180
   38     128   127   133    56
   39     118   132     1   177
   40      46    66   151   145
   41      19   120   121    74
   42      53    52    35   180
   43      66    71   151   145
   44      68    78   117    15
   45     181    19    62    18
   46      17    55    74    73
   47      55    14   135    73
   48      19    17    62    18
   49     144    27   150   173
   50      55   135    74    73
   51     132   118     1   119
   52     108    99   109    51
   53      24    38   103    56
   54     189   188    90    92
   55      65    79   158   145
   56       1   153   181    57
   57      82   190    71    98
   58     127   120   133    56
   59     155   153   156   140
   60     110   103    40    56
   61      53   132    35   177
   62     100    51   101    22
   63     110   106    40    42
   64      86    85   192    70
   65     103   175    42    39
   66     178    42   173   174
   67     150   178   173   174
   68      97   110   111    25
   69     113    86    14   192
   70     178   170   150   173
   71      46    10    66    64
   72      27    29   150   173
   73     132   118   119   120
   74      79    78   114   117
   75     187    86   112    70
   76      17    62    18    73
   77     157   171   182   183
   78      12    11    13    43
   79     187   179    97   185
   80      44    11    46    43
   81       1   132    53   177
   82      45    30    28    26
   83     169    97   170   185
   84      32    30    45    21
   85     175   103    42   172
   86      50   126    48   124
   87      40   103    42    39
   88     103    40   175    39
   89      97   169    25    72
   90      29    28   150   149
   91      12    99    46    43
   92      97   179   178   170
   93     175    42    39   173
   94      97   178    42   170
   95      57   181    62   182
   96     194   193   116   142
   97      19     1   181    57
   98     167   166   168   162
   99      35   132   129   177
  100     187   112   111   192
  101     154    52    33   140
  102     103   110    42    25
  103      42   175   172   173
  104      36   132   129   127
  105     134   131    58   164
  106      46    66    69   151
  107       4   194   116   142
  108     119    19   120   121
  109     163     5   191     7
  110     167   194   142   162
  111      29   150   173   174
  112      55   110    56    25
  113     105   106    40    56
  114     110   103    56    25
  115      87   167    93    88
  116      52   148    34   147
  117      97   169   102    25
  118      69    71    47   151
  119      55   111    25    72
  120     126    49    48   152
  121     181   153   171   182
  122      78    76   160   117
  123     132   118    36   177
  124      55    17    14    73
  125     135    55    74   104
  126       6     4   116   142
  127     186   190    70    98
  128      11    44    46   151
  129      76   171   117   164
  130     113    84    85    94
  131       6     4   141    77
  132      67    64   100    51
  133      28    45    26    43
  134      62    17    74    73
  135      10    11    46    69
  136      19     1    57   121
  137     193   194   163   142
  138      11    12    46    43
  139     137   138    77   160
  140      11    44    26    43
  141      55   112   111    72
  142      71   186    69    47
  143      52   153     1   165
  144     126    48    37   152
  145     112   113    14   192
  146      17    18    14    73
  147     146    52   165   140
  148      71    47   151    98
  149       1   153    57   155
  150     153    52   154   140
  151      52    35   180   147
  152      76   138   136    78
  153       6   188   189   116
  154       4   167    93   115
  155     188     4    93   115
  156      79   161    89    82
  157      63   131   130    58
  158     141    95   142    81
  159      78    79   114    68
  160     168     9     7   162
  161     145    79   117    15
  162      83   166    87     8
  163      96   194   167   168
  164      67   134    68    15
  165      95   141   114    81
  166     194   167   168   162
  167      84   161    83    87
  168     166    84    83    87
  169      87    95   167    88
  170     166   168   162     8
  171     131    63   134    58
  172      46    99   108    43
  173     152   130   154   140
  174      42   172   170   173
  175     131   134    15   164
  176      35    52   177   147
  177      32    50   107   124
  178      99   108    50    51
  179     148    34    37   152
  180     146    52     1   165
  181     153   155   165   140
  182     108    32    21    50
  183     100    63    51    22
  184     178   150    41   174
  185      44    11   150    47
  186      19   132   120   133
  187      99    12    13    43
  188      64    99   100    51
  189     136    59   134    58
  190      65   158    71   145
  191     188     6     4   116
  192      99   108    21    50
  193      28    29    26    27
  194      99    10    12    46
  195      66    46    64   109
  196      59   153   171    16
  197      28    44   150   149
  198      66    71    69   151
  199     178    42   170   173
  200     172    42   170   102
  201      42   178    41   174
  202      11   144    26   150
  203      44    11    26   150
  204      26   144    27   150
  205      29    26    27   150
  206      28    44    26   150
  207      29    28    26   150
  208      52   176   177   147
  209     153    57   157   182
  210      71   186    47    98
  211     126    49   152   123
  212     150    29    41   174
  213      10    11    12    46
  214      46    66   145   109
  215       1   153   155   165
  216      11    46    69   151
  217     184    11    69    47
  218      65    66    64   109
  219      32   125    50   124
  220      55    56    23    25
  221      66    65   145   109
  222      34   176    33   147
  223      79   161    82   117
  224      50   126    49    48
  225     171   183    76   117
  226     142    95   162    81
  227      16   153   154   140
  228      78   137   114   117
  229     192   179    70    98
  230      65    79   145    15
  231     131    49    51    22
  232      52   153   165   140
  233     194     4    96   167
  234     152    20   123    22
  235     106   110    40    56
  236     110    55   111    25
  237     138   137    78   160
  238     181   171    18   182
  239     128   133    54    56
  240     111    97    25    72
  241      35   132   180   129
  242     176    35   177   147
  243      11    69    47   151
  244      17    19   120   133
  245     153   157    59   171
  246      19   132   119   120
  247     132   128   127   133
  248     148    52    34   154
  249     130     3   156   140
  250      27    29   173   174
  251      39   175   173   174
  252     179   187    97   192
  253      97   187   111   192
  254      59    76   136   164
  255      78    79    68   117
  256     132     1    19   119
  257      18    91    14    73
  258     132   128   129   127
  259     128    36   129   127
  260     132   118   120   127
  261     118   132    36   127
  262      52     1    53   177
  263      52    53    35   177
  264     152   130   140     2
  265     146    52   176   177
  266     179   187   192    70
  267      56    24    23    25
  268     170   144   150   173
  269     105   128    54    56
  270      24   120   127    56
  271     133   120    55    56
  272      38    24   127    56
  273     148    34   152   154
  274      97   169   170   102
  275     111   112    14   192
  276      39    42    41   174
  277     132   128   133    54
  278     128   132   129    54
  279     187   169    97    72
  280     120    17   133    55
  281      86   113   112   192
  282     112    55   111    14
  283     125    21    50   122
  284      45    32    43   107
  285     103    24    56    25
  286     128    38   127    56
  287      38   128   105    56
  288     103    38    40    56
  289      38   105    40    56
  290      42    97   170   102
  291      49   152   123    22
  292      91    61    18    14
  293       4   141    95   142
  294     131   134    51    15
  295     186    70    47    98
  296      42    39   173   174
  297      19    57    62   121
  298       1    19   119   121
  299     131   130    58   164
  300     134    67    51    15
  301     134    78    15   164
  302      89   161    80    88
  303      93    84   115    94
  304      60   183    76   159
  305      62   181    18   182
  306     120    55    56    23
  307      24   120    56    23
  308     112   187   111    72
  309     153   181    57   182
  310     188     4   115    90
  311     110    97    42    25
  312      42    97   102    25
  313     103    42   172    25
  314     172    42   102    25
  315     187   179   185    70
  316     112    86   192    70
  317     187   112   192    70
  318     194     5   163     7
  319     168     9   162     8
  320      34    37   152    33
  321       5     9   191     7
  322     166    87   167    93
  323     166    84    87    93
  324       4   139   167   115
  325     193     6   116   142
  326       3    63   130    58
  327       3   130    22     2
  328       4    95   167   142
  329     113    85    86    94
  330      84   113   115    94
  331     157    59   171   183
  332     153   157   155   156
  333      91   189    90    92
  334      95   167   142   162
  335      55   112    72   135
  336     153   157   171   182
  337     112    55    14   135
  338      95   141    80   114
  339      19    17   120    74
  340      17    19    62    74
  341      62    19   121    74
  342      23    55    25   104
  343      25    55    72   104
  344      55   120    74   104
  345     120    55    23   104
  346     194     4   167   142
  347      61    91    18    73
  348      18    62   182    73
  349      61    18   182    73
  350      62    61   182    73
  351     194   163   142     7
  352     190    85    70    98
  353     139   113    91    75
  354     113   112    14    75
  355      14   112   135    75
  356      14   135    73    75
  357      91    14    73    75
  358      18    61   182    60
  359     171    18   182    60
  360      59   171   183    76
  361      91   189    92    60
  362      61    91    92    60
  363     152   154    33   140
  364      52    34   154    33
  365      78   136   117    15
  366      58   130    16   164
  367      65   145   109    15
  368       5   194   168     7
  369       6   188     4    77
  370     141   137    77    80
  371     171    59    16   164
  372     189   137    90    77
  373       4   188    93    77
  374     188     6   189    77
  375     188   189    90    77
  376     144   170   150   143
  377      93   188   115    77
  378     130   152    22     2
  379     115   188    90    77
  380     141   137    80   114
  381      20   152   140     2
  382     189     6   116   159
  383      59    58    16   164
  384     189   137    77   160
  385      44    28    26    43
  386     152    20    22     2
  387     157   153    59   156
  388     130     3   140     2
  389      76   138    78   160
  390     189     6   159   160
  391       6   189    77   160
  392     130   156    16   140
  393     126    50    49   123
  394      99   100    51   101
  395     136   117    15   164
  396     130     3    58   156
  397      85   192    70    98
  398      31    20   152    33
  399       7   142   162    81
  400     176    52    33   147
  401       9     5   168     7
  402      13    11    26    43
  403      85   192    98   117
  404      11   144   150   143
  405      93    77    80    88
  406      84    87    93    88
  407     115    93    77    80
  408      84    93   115    80
  409     134    78    68    15
  410      90   115    77    80
  411     137    90    77    80
  412      84   161    87    88
  413      84    93    80    88
  414     161    84    80    88
  415      95     4   167    88
  416     167     4    93    88
  417     141    95    80    88
  418      77   141    80    88
  419     141     4    95    88
  420       4   141    77    88
  421      93     4    77    88
  422     130    16   154   140
  423      95    87   167   162
  424     156   153    16   140
  425      87   166   167   162
  426     194   168     7   162
  427      32   108    43   107
  428     142   194     7   162
  429      82    71   145    98
  430      99    46   108   109
  431      99    10    46    64
  432      79    89   158    82
  433      46    99    64   109
  434      85   190    83    82
  435     190   186    71    98
  436      65   158    66    71
  437      52   146   176    33
  438      70   179    47    98
  439      99    50   122   101
  440     171    18    60   117
  441     125   126    50   124
  442      28    44   149    43
  443      45    28   149    43
  444     108    99    21    43
  445      99    13    21    43
  446      30    13    26    43
  447      45    30    26    43
  448      32   108    21    43
  449      45    32    21    43
  450      30    45    21    43
  451      13    30    21    43
  452     186   185   184    47
  453      50    99    51   101
  454     150    11   143    47
  455      11   184   143    47
  456     179   178   170    47
  457     170   178   150    47
  458     179   170   185    47
  459     185   170   184    47
  460     170   150   143    47
  461     184   170   143    47
  462     185   186    70    47
  463     179   185    70    47
  464     158    79    82   117
  465     136    76    78   117
  466      37   126   152   123
  467      63   131    51    22
  468      52    34    33   147
  469      31    37   152   123
  470     126    37    31   123
  471      21    99    50   122
  472     171    60   183   117
  473      80    79   114   117
  474     158    82    71   145
  475      37    34    31    33
  476      49    50    51    22
  477      63    67   100    51
  478      99    64   109    51
  479     183    60    76   117
  480      34   152   154    33
  481      79    65    68    15
  482      65   109    51    15
  483      59   171    76   164
  484     108    32    50   107
  485      51    50   101    22
  486      20    31   152   123
  487     126   125    50   123
  488      50   125   122   123
  489      79    68   117    15
  490      67    65    51    15
  491      37    31   152    33
  492      63   131   134    51
  493      63   134    67    51
  494      67    65    64    51
  495      64    65   109    51
  496      50    49   123    22
  497      49   131   130    22
  498     131    63   130    22
  499      49   130   152    22
  500      50   122   101    22
  501     122    50   123    22
  502     137    78   160   117
  503      76   159   160   117
  504     161    83    82   117
  505     161    79    80   117
  506      83    85    82   117
  507     190    85    98   117
  508      85   190    82   117
  509      82   190    98   117
  510     158    82   145   117
  511     145    82    98   117
  512      79   158   145   117
  513      52   146    33   140
  514      59    58   156    16
  515      18    61    60   117
  516      61    18    14   117
  517      20   152    33   140
  518      86    14   192   117
  519      85    86   192   117
  520      60   189   159   117
  521     189   137   160   117
  522     159   189   160   117
  523     161    84    83   117
  524      84   161    80   117
  525      84    85    83   117
  526     137   189    90   117
  527     137    90    80   117
  528     137    80   114   117
  529     136    76   117   164
  530      59   134    58   164
  531      59   136   134   164
  532      61    91    60   117
  533      91    61    14   117
  534      85   113    86   117
  535      86   113    14   117
  536      91   189    60   117
  537     115    84    80   117
  538      84   113    85   117
  539     189    91    90   117
  540      91   139    90   117
  541     139   115    90   117
  542      90   115    80   117
  543     139   113   115   117
  544     136    78   134   164
  545      78   136    15   164
  546     113    84   115   117
  547     113   139    91   117
  548      14   113    75   117
  549      91    14    75   117
  550     113    91    75   117
# Generated by tetgen -p Envolvente.stl 
