194  3  0  0
   1    -0.62512579999999995  -1.51996  2.9332579999999999
   2    1.2560169999999999  -1.3019700000000001  2.929872
   3    1.122627  -1.1637  3.460566
   4    -0.057535950000000002  -0.032970430000000002  4.2628370000000002
   5    -0.028410870000000001  0  4.2965280000000003
   6    0.02949247  -0.059606840000000001  4.2639209999999999
   7    0.0290732  0  4.2960929999999999
   8    0  0.059172240000000001  4.2777219999999998
   9    0  0.031229650000000001  4.2954020000000002
  10    1.122627  1.1637  3.460566
  11    0.63969900000000002  1.5149250000000001  2.9331800000000001
  12    1.2560169999999999  1.3019700000000001  2.929872
  13    1.21326  1.2576480000000001  2.5042179999999998
  14    -0.45488220000000001  0  2.715293
  15    0.46548659999999997  0  2.7143899999999999
  16    0.34480480000000002  -0.82230060000000005  2.6564070000000002
  17    -0.7838079  -0.38546659999999999  2.654855
  18    -0.39010499999999998  -0.453233  2.6831960000000001
  19    -0.67700700000000003  -0.70177579999999995  2.6373489999999999
  20    1.21326  -1.2576480000000001  2.5042179999999998
  21    1.404237  0.66375580000000001  2.5057260000000001
  22    1.4447239999999999  -0.71513689999999996  2.9329109999999998
  23    -1.6746890000000001  0  2.9366140000000001
  24    -1.6176790000000001  0  2.5074109999999998
  25    -1.4537249999999999  0.68714759999999997  2.9330560000000001
  26    0.61792250000000004  1.463354  2.5057849999999999
  27    0  1.4995780000000001  2.3553570000000001
  28    0.55259250000000004  1.3086409999999999  2.353828
  29    0  1.3222910000000001  2.3892169999999999
  30    1.0849880000000001  1.1246830000000001  2.3523550000000002
  31    1.0849880000000001  -1.1246830000000001  2.3523550000000002
  32    1.2557739999999999  0.59358010000000005  2.3537729999999999
  33    0.61792250000000004  -1.463354  2.5057849999999999
  34    0.55259250000000004  -1.3086409999999999  2.353828
  35    -0.54000369999999998  -1.312991  2.353863
  36    -1.0849880000000001  -1.1246830000000001  2.3523550000000002
  37    0.95671680000000003  -0.99171900000000002  2.3854090000000001
  38    -1.4466509999999999  0  2.3553570000000001
  39    -0.95671680000000003  0.99171900000000002  2.3854090000000001
  40    -1.2557739999999999  0.59358010000000005  2.3537729999999999
  41    -0.47616249999999999  1.157764  2.3873220000000002
  42    -0.91395970000000004  0.94739770000000001  2.5139670000000001
  43    0.91395970000000004  0.94739770000000001  2.5139670000000001
  44    0.46548659999999997  1.1023579999999999  2.516286
  45    0.95671680000000003  0.99171900000000002  2.3854090000000001
  46    0.67700700000000003  0.70177579999999995  2.6373489999999999
  47    0  0.94739770000000001  2.6761870000000001
  48    1.1004560000000001  -0.54472449999999994  2.3871250000000002
  49    1.051275  -0.52038010000000001  2.5160969999999998
  50    1.2186129999999999  0  2.5186920000000002
  51    0.91395970000000004  0  2.6761870000000001
  52    0  -1.2631969999999999  2.5186920000000002
  53    -0.45488220000000001  -1.1060220000000001  2.51634
  54    -1.1004560000000001  -0.54472449999999994  2.3871250000000002
  55    -0.91395970000000004  0  2.6761870000000001
  56    -1.2186129999999999  0  2.5186920000000002
  57    -0.55873700000000004  -1.3585400000000001  3.4659870000000002
  58    0.72246109999999997  -0.74889289999999997  3.8921540000000001
  59    0.36795489999999997  -0.87138479999999996  3.8928880000000001
  60    -0.15056600000000001  -0.36609330000000001  4.1039709999999996
  61    -0.30252059999999997  -0.3135886  4.1078749999999999
  62    -0.72246109999999997  -0.74889289999999997  3.8921540000000001
  63    1.2912939999999999  -0.6391888  3.46543
  64    1.2993380000000001  0.61417200000000005  3.465662
  65    0.83618219999999999  0.39524730000000002  3.8928609999999999
  66    0.72246109999999997  0.74889289999999997  3.8921540000000001
  67    0.96328119999999995  0  3.8936519999999999
  68    0.40336080000000002  0  4.1001019999999997
  69    0.57176249999999995  1.354039  3.465862
  70    -0.35957240000000001  0.87428119999999998  3.892906
  71    0.36795489999999997  0.87138490000000002  3.8928889999999998
  72    -1.2993380000000001  0.61417200000000005  3.465662
  73    -0.8310052  -0.41134670000000001  3.8928289999999999
  74    -1.2912939999999999  -0.6391888  3.46543
  75    -0.40336080000000002  0  4.1001019999999997
  76    0.15407599999999999  -0.3648805  4.1040599999999996
  77    0.057907  -0.06002557  4.2506240000000002
  78    0.347972  -0.1722458  4.1043719999999997
  79    0.3501399  0.1655044  4.1042040000000002
  80    0.1270975  0.060076610000000003  4.183465
  81    0.057083780000000001  0  4.2777219999999998
  82    0.15407599999999999  0.3648805  4.1040609999999997
  83    0  0.15177280000000001  4.182442
  84    -0.054654109999999999  0.13288839999999999  4.1834059999999997
  85    -0.15056600000000001  0.36609330000000001  4.1039709999999996
  86    -0.30252059999999997  0.3135886  4.1078749999999999
  87    0.02949247  0.059606840000000001  4.2639209999999999
  88    0.057907  0.06002557  4.2506240000000002
  89    0.1098123  0.1138299  4.18438
  90    -0.1263106  -0.062523690000000007  4.1835060000000004
  91    -0.347972  -0.1722458  4.1043719999999997
  92    -0.1098123  -0.1138299  4.18438
  93    -0.057907  0.06002557  4.2506240000000002
  94    -0.1098123  0.1138299  4.18438
  95    0.05751825  0.031680020000000003  4.26342
  96    -0.057083780000000001  0  4.2777219999999998
  97    -0.67700700000000003  0.70177579999999995  2.6373489999999999
  98    0  0.50001320000000005  2.712952
  99    1.4537249999999999  0.68714759999999997  2.9330560000000001
 100    1.496837  0  3.4713590000000001
 101    1.6746890000000001  0  2.9366140000000001
 102    -1.2560169999999999  1.3019700000000001  2.929872
 103    -1.404237  0.66375580000000001  2.5057260000000001
 104    -1.496837  0  3.4713590000000001
 105    -1.275622  0  2.3892169999999999
 106    -1.1073109999999999  0.52340489999999995  2.3872080000000002
 107    1.1073109999999999  0.52340489999999995  2.3872080000000002
 108    1.0578240000000001  0.50001320000000005  2.5161980000000002
 109    0.78890190000000004  0.37037999999999999  2.6556899999999999
 110    -1.0578240000000001  0.50001320000000005  2.5161980000000002
 111    -0.78890190000000004  0.37037999999999999  2.6556899999999999
 112    -0.83618219999999999  0.39524730000000002  3.8928609999999999
 113    -0.3501399  0.1655044  4.1042040000000002
 114    0.14641609999999999  0  4.182442
 115    -0.1270975  0.060076610000000003  4.183465
 116    -0.02882059  -0.059596940000000001  4.2642350000000002
 117    0  0  2.754041
 118    -1.21326  -1.2576480000000001  2.5042179999999998
 119    -1.2560169999999999  -1.3019700000000001  2.929872
 120    -1.4447239999999999  -0.71513689999999996  2.9329109999999998
 121    -1.122627  -1.1637  3.460566
 122    1.6176790000000001  0  2.5074109999999998
 123    1.395543  -0.69079230000000003  2.5056569999999998
 124    1.275622  0  2.3892169999999999
 125    1.4466509999999999  0  2.3553570000000001
 126    1.2479990000000001  -0.61775820000000004  2.3537080000000001
 127    -1.395543  -0.69079230000000003  2.5056569999999998
 128    -1.2479990000000001  -0.61775820000000004  2.3537080000000001
 129    -0.95671680000000003  -0.99171900000000002  2.3854090000000001
 130    0.67700700000000003  -0.70177579999999995  2.6373489999999999
 131    0.7838079  -0.38546659999999999  2.654855
 132    -0.91395970000000004  -0.94739770000000001  2.5139670000000001
 133    -1.051275  -0.52038010000000001  2.5160969999999998
 134    0.8310052  -0.41134670000000001  3.8928289999999999
 135    -0.96328119999999995  0  3.8936519999999999
 136    0.30252059999999997  -0.3135886  4.1078749999999999
 137    0.1263106  -0.062523690000000007  4.1835060000000004
 138    0.1098123  -0.1138299  4.18438
 139    -0.14641609999999999  0  4.182442
 140    0.63969900000000002  -1.5149250000000001  2.9331800000000001
 141    0.057535950000000002  -0.032970430000000002  4.2628370000000002
 142    0.029303490000000001  -0.032740430000000001  4.2784209999999998
 143    0  1.735959  2.9366140000000001
 144    0  1.676863  2.5074109999999998
 145    0.40179369999999998  0.43399009999999999  2.6837879999999998
 146    0  -1.676863  2.5074109999999998
 147    0  -1.3222910000000001  2.3892169999999999
 148    0.487263  -1.1539280000000001  2.3872779999999998
 149    0.487263  1.1539280000000001  2.3872779999999998
 150    0  1.2631969999999999  2.5186920000000002
 151    0.34480480000000002  0.82230060000000005  2.6564070000000002
 152    0.91395970000000004  -0.94739770000000001  2.5139670000000001
 153    0  -0.94739770000000001  2.6761870000000001
 154    0.46548659999999997  -1.1023579999999999  2.516286
 155    0  -1.5516000000000001  3.4713590000000001
 156    0.57176249999999995  -1.354039  3.465862
 157    0  -0.99852359999999996  3.8936519999999999
 158    0.30252059999999997  0.3135886  4.1078749999999999
 159    0  -0.15177280000000001  4.182442
 160    0.055928230000000002  -0.13244819999999999  4.1834280000000001
 161    0.055928230000000002  0.13244819999999999  4.1834280000000001
 162    0.029294480000000001  0.031459029999999999  4.2791139999999999
 163    0  -0.032501719999999998  4.2945970000000004
 164    0.39919929999999998  -0.4516676  2.6825410000000001
 165    0  -1.735959  2.9366140000000001
 166    -0.02882059  0.059596940000000001  4.2642350000000002
 167    -0.05751825  0.031680020000000003  4.26342
 168    -0.028627110000000001  0.031453799999999997  4.2794840000000001
 169    -1.122627  1.1637  3.460566
 170    -0.62512579999999995  1.51996  2.9332579999999999
 171    0  -0.52038010000000001  2.7112780000000001
 172    -1.21326  1.2576480000000001  2.5042179999999998
 173    -0.60384539999999998  1.468218  2.5058220000000002
 174    -0.54000369999999998  1.312991  2.353863
 175    -1.0849880000000001  1.1246830000000001  2.3523550000000002
 176    0  -1.4995780000000001  2.3553570000000001
 177    -0.60384539999999998  -1.468218  2.5058220000000002
 178    -0.45488220000000001  1.1060220000000001  2.51634
 179    -0.33694960000000002  0.82515050000000001  2.656857
 180    -0.47616249999999999  -1.157764  2.3873220000000002
 181    -0.33694960000000002  -0.82515050000000001  2.656857
 182    -0.35957240000000001  -0.87428119999999998  3.892906
 183    0  -0.41811809999999999  4.1001019999999997
 184    0  1.5516000000000001  3.4713590000000001
 185    -0.55873700000000004  1.3585400000000001  3.4659870000000002
 186    0  0.99852359999999996  3.8936519999999999
 187    -0.72246109999999997  0.74889289999999997  3.8921540000000001
 188    -0.057907  -0.06002557  4.2506240000000002
 189    -0.054654109999999999  -0.13288839999999999  4.1834059999999997
 190    0  0.41811809999999999  4.1001019999999997
 191    0  0  4.3151609999999998
 192    -0.3926403  0.4354941  2.6844519999999998
 193    0  -0.059172240000000001  4.2777219999999998
 194    -0.028635919999999999  -0.032734989999999999  4.2787899999999999
# Generated by tetgen -p Envolvente.stl 
