12  3  0  0
   1    -2.7000000000000002  2.7000000000000002  -0.20000000000000001
   2    2.7000000000000002  2.7000000000000002  -0.20000000000000001
   3    -2.7000000000000002  -2.7000000000000002  -0.20000000000000001
   4    -2.7000000000000002  2.7000000000000002  10.199999999999999
   5    2.7000000000000002  -2.7000000000000002  -0.20000000000000001
   6    -2.7000000000000002  -2.7000000000000002  5
   7    2.7000000000000002  -2.7000000000000002  5
   8    2.7000000000000002  2.7000000000000002  5
   9    2.7000000000000002  -2.7000000000000002  10.199999999999999
  10    2.7000000000000002  2.7000000000000002  10.199999999999999
  11    -2.7000000000000002  -2.7000000000000002  10.199999999999999
  12    -2.7000000000000002  2.7000000000000002  5
# Generated by tetgen -p Envolvente.stl 
